17
19
22
23
25
27
29
31
33
35
37
39
41
43
45
47
48
50
51
54
55
57
59
60
61
63
63
66
68
70
71
73
75
77
79
79
81
83
85
86
87
89
91
92
93
94
95
97
99
99
101
103
103
105
107
108
109
110
111
112
113
115
116
117
119
119
120
121
123
124
124
126
127
127
127
129
131
132
134
135
137
138
139
141
142
143
143
145
147
147
149
151
151
152
153
155
156
156
158
159
159
159
161
163
163
165
166
167
168
169
170
171
172
173
174
175
175
176
177
178
179
179
180
181
182
183
183
184
185
185
186
187
187
188
188
189
189
190
190
191
191
192
193
194
195
195
196
197
198
198
199
199
199
200
200
201
201
202
203
203
203
203
204
204
204
204
204
204
205
205
205
206
206
206
206
206
206
206
206
207
206
204
204
203
201
200
200
199
199
198
198
197
196
196
195
195
195
194
194
193
193
193
193
192
192
192
192
192
192
192
192
192
192
192
192
190
190
189
188
188
187
187
186
185
185
184
184
184
184
183
183
182
182
182
181
181
180
180
180
179
179
179
179
179
179
178
178
178
177
177
177
177
177
177
176
176
176
176
176
176
176
176
176
176
176
176
176
176
176
176
176
176
176
176
176
176
175
175
174
174
174
174
173
173
172
172
172
172
172
172
172
172
171
171
171
171
171
171
170
170
170
170
170
169
169
169
169
169
169
169
169
169
169
169
169
169
169
169
169
169
168