0.04300355911254883
0.08558845520019531
0.12770795822143555
0.17130136489868164
0.21406340599060059
0.2564575672149658
0.2992255687713623
0.34148144721984863
0.38364219665527344
0.4261131286621094
0.4686286449432373
0.5113167762756348
0.5539126396179199
0.596921443939209
0.6393797397613525
0.681746244430542
0.7239363193511963
0.7664520740509033
0.8094682693481445
0.8519690036773682
0.8945596218109131
0.9370677471160889
0.979233980178833
1.0211198329925537
1.0629539489746094
1.10512375831604
1.1480484008789062
1.1906101703643799
1.2342398166656494
1.2766239643096924
1.3192107677459717
1.3617045879364014
1.4043858051300049
1.4468133449554443
1.4891040325164795
1.5318806171417236
1.5740246772766113
1.6163017749786377
1.6583385467529297
1.7002665996551514
1.7423946857452393
1.7841835021972656
1.8262622356414795
1.86814284324646
1.9107155799865723
1.9530093669891357
1.9951672554016113
2.0371525287628174
2.0795822143554688
2.1220703125
2.16507625579834
2.207443952560425
2.249563455581665
2.292095422744751
2.334298849105835
2.3769168853759766
2.419210910797119
2.4610214233398438
2.5035593509674072
2.5464086532592773
2.5897929668426514
2.6325461864471436
2.6750130653381348
2.717217445373535
2.7606029510498047
2.8061447143554688
2.8482139110565186
2.8915975093841553
2.934051036834717
2.9765472412109375
3.0192148685455322
3.0616893768310547
3.1045286655426025
3.147200584411621
3.189960479736328
3.232262134552002
3.274395227432251
3.3162994384765625
3.35894775390625
3.401175022125244
3.44364595413208
3.485994577407837
3.528275966644287
3.570690870285034
3.613069772720337
3.6554393768310547
3.697984218597412
3.740314245223999
3.782744884490967
3.8249776363372803
3.8675782680511475
3.909914970397949
3.951993942260742
3.99430775642395
4.036556720733643
4.079358816146851
4.121993064880371
4.1646199226379395
4.207356929779053
4.2498204708099365
4.292402029037476
4.334447860717773
4.376458406448364
4.418421506881714
4.4608848094940186
4.503506183624268
4.5457916259765625
4.5882604122161865
4.6309826374053955
4.673309326171875
4.715811252593994
4.758059740066528
4.8018293380737305
4.844372034072876
4.8868727684021
4.928984880447388
4.971864461898804
5.0136449337005615
5.056284666061401
5.098369598388672
5.141047954559326
5.18359899520874
5.226564645767212
5.2692718505859375
5.311521530151367
5.353783845901489
5.39635157585144
5.438785791397095
5.480881452560425
5.523614406585693
5.566193342208862
5.60857629776001
5.651355743408203
5.693753480911255
5.735702037811279
5.778094291687012
5.820566177368164
5.862823247909546
5.905149221420288
5.947487115859985
5.989744663238525
6.031933784484863
6.074409246444702
6.1162614822387695
6.1588358879089355
6.201131105422974
6.244078636169434
6.286603212356567
6.3290276527404785
6.371583938598633
6.413745641708374
6.455559730529785
6.497995615005493
6.540568590164185
6.583280563354492
6.625539779663086
6.668803691864014
6.711808681488037
6.754239082336426
6.796816825866699
6.839365005493164
6.88165020942688
6.924621105194092
6.967062711715698
7.009478807449341
7.0514631271362305
7.094433069229126
7.1365649700164795
7.17881441116333
7.22146201133728
7.2635557651519775
7.305681228637695
7.348070383071899
7.390889644622803
7.4331042766571045
7.476766347885132
7.518738746643066
7.5618064403533936
7.6051459312438965
7.647819519042969
7.690746068954468
7.732870101928711
7.775249242782593
7.817708253860474
7.860289096832275
7.902552127838135
7.945126056671143
7.987147092819214
8.029779195785522
8.072558403015137
8.11507797241211
8.157560586929321
8.200135469436646
8.242923259735107
8.285529613494873
8.327764749526978
8.369908809661865
8.412174224853516
8.453882217407227
8.496389627456665
8.538991689682007
8.580915927886963
8.623322010040283
8.665194034576416
8.707540273666382
8.749450922012329
8.79195499420166
8.83415174484253
8.876537561416626
8.918514490127563
8.961074590682983
9.003859043121338
9.046253204345703
9.089062929153442
9.13109040260315
9.173120021820068
9.215068340301514
9.257031440734863
9.299283981323242
9.34123706817627
9.383429527282715
9.425513982772827
9.468010425567627
9.509798765182495
9.552031517028809
9.595265626907349
9.638001203536987
9.680014848709106
9.722880840301514
9.765089273452759
9.807611465454102
9.850682020187378
9.893243074417114
9.935957193374634
9.978731155395508
10.021427392959595
10.0637845993042
10.106319427490234
10.148315906524658
10.190851926803589
10.233380794525146
10.275266647338867
10.317444801330566
10.359546899795532
10.401291847229004
10.443163394927979
10.485816717147827
10.528250217437744
10.571208715438843
10.613300323486328
10.655423879623413
10.697697639465332
10.73979139328003
10.782358169555664
10.824352979660034
10.867369890213013
10.9103262424469
10.952592372894287
10.99471664428711
11.036708116531372
11.07852029800415
11.121317386627197
11.163581609725952
11.205653190612793
11.24756908416748
11.290019512176514
11.332612752914429
11.374901056289673
11.417057991027832
11.459379196166992
11.501747369766235
11.543588638305664
11.585942029953003
11.628484010696411
11.670504093170166
11.712401390075684
11.754807710647583
11.796741485595703
11.838522911071777
11.880447149276733
11.922599077224731
11.966140031814575
12.008531332015991
12.051061153411865
12.092843532562256
12.134776592254639
12.176722526550293
12.21916127204895
12.26124382019043
12.30317997932434
12.345616340637207
12.38766074180603
12.429615497589111
12.472472429275513
12.514708518981934
12.556942224502563
12.599193572998047
12.641350746154785
12.683106660842896
12.7252836227417
12.767331600189209
12.809950113296509
12.851855516433716
12.89403486251831
12.936118602752686
12.978039503097534
13.020350456237793
13.062840223312378
13.105401277542114
13.148019790649414
13.19080114364624
13.233333349227905
13.27578330039978
13.317894220352173
13.360012531280518
13.402021646499634
13.444370985031128
13.48669719696045
13.528965711593628
13.57142186164856
13.613553285598755