1 1004
2 1032
3 1115
4 1151
5 1188
6 1186
7 1077
8 1181
9 1072
10 1115
11 1114
12 1036
13 1036
14 1064
15 1047
16 1028
17 1089
18 1164
19 1049
20 1121
21 1080
22 1108
23 1105
24 1121
25 1092
26 1117
27 1108
28 1145
29 1137
30 1165
31 1043
32 1098
33 1105
34 1092
35 1131
36 1082
37 104
38 23
39 26
40 23
41 19
42 22
43 18
44 21
45 17
46 26
47 20
48 18
49 22
50 25
51 26
52 17
53 19
54 29
55 784
56 1081
57 1102
58 1068
59 980
60 1131
61 1124
62 1169
63 1072
64 1177
65 1235
66 1060
67 1242
68 1159
69 962
70 1078
71 1051
72 990
73 1099
74 1063
75 1072
76 1061
77 1069
78 1161
79 1121
80 999
81 1080
82 1083
83 1060
84 1075
85 1126
86 1084
87 1066
88 1039
89 1028
90 1038
91 1130
92 1083
93 1052
94 1117
95 1069
96 1010
97 1128
98 1109
99 1085
100 1082
