1 1054
2 971
3 992
4 1037
5 1114
6 1186
7 1091
8 1131
9 967
10 1073
11 1039
12 1027
13 998
14 995
15 1065
16 1060
17 1128
18 1141
19 1091
20 1201
21 1099
22 1146
23 1019
24 1026
25 1004
26 1029
27 973
28 1002
29 1096
30 1068
31 1038
32 1086
33 1085
34 1091
35 985
36 1071
37 1106
38 907
39 387
40 112
41 25
42 22
43 24
44 17
45 27
46 24
47 23
48 25
49 23
50 19
51 23
52 24
53 17
54 25
55 21
56 332
57 903
58 1022
59 1054
60 949
61 1055
62 1084
63 982
64 1048
65 1065
66 1073
67 1082
68 1043
69 1068
70 1042
71 1047
72 1073
73 1073
74 1006
75 996
76 1070
77 1127
78 1084
79 1057
80 1054
81 1029
82 981
83 1030
84 1051
85 967
86 1043
87 1110
88 983
89 1042
90 1079
91 1075
92 1047
93 1078
94 1132
95 1046
96 1052
97 1019
98 1001
99 1019
100 1040
