1 1032
2 1010
3 954
4 1161
5 1132
6 1086
7 1137
8 1052
9 1017
10 1040
11 1056
12 1032
13 1021
14 1030
15 1050
16 1072
17 1105
18 1137
19 1166
20 1108
21 1102
22 1151
23 1023
24 1047
25 1020
26 1017
27 940
28 1061
29 989
30 964
31 1008
32 1068
33 1025
34 978
35 967
36 857
37 652
38 563
39 395
40 165
41 36
42 22
43 23
44 26
45 22
46 19
47 25
48 22
49 20
50 20
51 22
52 26
53 22
54 5
55 147
56 486
57 746
58 1032
59 955
60 1079
61 1214
62 1069
63 970
64 1069
65 1115
66 1145
67 1032
68 968
69 1041
70 1057
71 1069
72 1085
73 1037
74 1025
75 1078
76 1039
77 1098
78 1180
79 1123
80 1051
81 1034
82 1056
83 1086
84 1011
85 1151
86 1159
87 1032
88 1081
89 1112
90 1100
91 1117
92 1093
93 1022
94 1099
95 1038
96 982
97 997
98 1057
99 972
100 1059
