1 1081
2 1034
3 1059
4 1026
5 1167
6 1132
7 1070
8 1032
9 1057
10 1097
11 1076
12 1062
13 987
14 1096
15 1100
16 1031
17 1113
18 1138
19 1229
20 1172
21 1128
22 1152
23 1002
24 1066
25 1019
26 1074
27 956
28 1034
29 911
30 835
31 937
32 871
33 627
34 648
35 634
36 427
37 299
38 127
39 8
40 12
41 26
42 22
43 24
44 22
45 25
46 19
47 26
48 19
49 17
50 53
51 246
52 162
53 287
54 537
55 581
56 787
57 803
58 904
59 940
60 1037
61 942
62 1045
63 968
64 971
65 1102
66 1048
67 1008
68 1020
69 1089
70 1089
71 1034
72 1087
73 1011
74 977
75 1111
76 978
77 1089
78 984
79 1060
80 1121
81 1089
82 993
83 1027
84 1157
85 1040
86 1201
87 1190
88 1118
89 1067
90 1036
91 1040
92 1174
93 1059
94 933
95 1105
96 1047
97 1097
98 1077
99 1183
100 1056
