1 1043
2 1012
3 1042
4 1078
5 1117
6 1109
7 1056
8 1231
9 1175
10 1095
11 1035
12 1074
13 1010
14 1040
15 1046
16 1110
17 1122
18 1112
19 1188
20 1127
21 1078
22 1107
23 1007
24 1032
25 976
26 983
27 907
28 944
29 889
30 903
31 917
32 842
33 825
34 674
35 616
36 447
37 325
38 349
39 154
40 96
41 58
42 23
43 16
44 19
45 25
46 18
47 21
48 15
49 45
50 95
51 223
52 187
53 333
54 436
55 471
56 686
57 713
58 875
59 946
60 860
61 1000
62 948
63 911
64 992
65 1003
66 997
67 1048
68 1108
69 1063
70 1063
71 1069
72 979
73 1049
74 1107
75 1105
76 1097
77 1006
78 1048
79 1052
80 989
81 1050
82 1087
83 1020
84 1168
85 1108
86 1049
87 1054
88 1071
89 1023
90 1049
91 1013
92 1073
93 1024
94 959
95 1036
96 984
97 1058
98 1042
99 1156
100 1131
