1 1012
2 1066
3 1045
4 1123
5 1094
6 1082
7 1003
8 1047
9 1083
10 1143
11 1095
12 1027
13 1017
14 978
15 1109
16 1057
17 1190
18 1188
19 1182
20 1172
21 1096
22 1106
23 1014
24 965
25 1059
26 896
27 944
28 834
29 902
30 768
31 654
32 653
33 573
34 549
35 453
36 455
37 325
38 269
39 234
40 49
41 33
42 63
43 21
44 26
45 18
46 13
47 111
48 170
49 230
50 306
51 410
52 373
53 410
54 551
55 637
56 732
57 739
58 812
59 744
60 810
61 985
62 968
63 852
64 1011
65 1018
66 1138
67 1065
68 1018
69 1006
70 1062
71 1028
72 952
73 1088
74 994
75 1051
76 1028
77 1026
78 1036
79 1088
80 1063
81 1120
82 1017
83 1008
84 1088
85 1027
86 1024
87 1010
88 1090
89 981
90 1105
91 1093
92 1010
93 1096
94 1013
95 1028
96 1019
97 1016
98 1043
99 1056
100 1074
