1 937
2 1056
3 1035
4 1004
5 1066
6 1212
7 1085
8 1180
9 1165
10 1027
11 983
12 1003
13 1015
14 1035
15 999
16 989
17 956
18 944
19 1066
20 908
21 971
22 928
23 996
24 947
25 878
26 808
27 840
28 769
29 704
30 715
31 626
32 657
33 537
34 504
35 606
36 387
37 382
38 302
39 236
40 183
41 220
42 240
43 180
44 217
45 210
46 110
47 188
48 81
49 295
50 342
51 392
52 398
53 493
54 603
55 526
56 593
57 716
58 748
59 792
60 879
61 847
62 832
63 894
64 885
65 903
66 902
67 1058
68 1008
69 1005
70 1001
71 1007
72 1079
73 942
74 1075
75 1082
76 1190
77 1047
78 1057
79 1078
80 1199
81 1179
82 1079
83 1086
84 1073
85 986
86 1041
87 1054
88 1034
89 1079
90 1059
91 1014
92 1012
93 1016
94 1012
95 1047
96 1014
97 1090
98 1048
99 1050
100 1030
