1 1064
2 1026
3 1095
4 1071
5 1164
6 1099
7 1140
8 1152
9 1148
10 1041
11 1081
12 1062
13 983
14 1022
15 1063
16 1169
17 1125
18 981
19 1057
20 1016
21 1042
22 1127
23 1048
24 999
25 826
26 928
27 830
28 756
29 728
30 772
31 712
32 729
33 552
34 591
35 474
36 517
37 543
38 434
39 340
40 390
41 360
42 385
43 318
44 220
45 299
46 272
47 359
48 447
49 331
50 381
51 506
52 460
53 505
54 483
55 627
56 772
57 732
58 748
59 840
60 694
61 867
62 836
63 773
64 934
65 875
66 920
67 1027
68 973
69 916
70 1003
71 1128
72 991
73 1044
74 1144
75 1234
76 1056
77 1066
78 1144
79 987
80 1115
81 1074
82 995
83 1082
84 1129
85 985
86 1006
87 1118
88 1015
89 1030
90 998
91 1093
92 1112
93 1020
94 982
95 1121
96 1097
97 1084
98 956
99 1032
100 1085
