1 915
2 866
3 891
4 935
5 919
6 947
7 867
8 875
9 892
10 869
11 842
12 819
13 835
14 931
15 909
16 1000
17 1108
18 993
19 1051
20 999
21 1031
22 1022
23 976
24 971
25 1036
26 1048
27 923
28 1048
29 998
30 1019
31 991
32 1034
33 985
34 844
35 1040
36 920
37 939
38 1050
39 983
40 985
41 973
42 991
43 1018
44 1010
45 1013
46 1018
47 1000
48 924
49 1007
50 1049
51 1013
52 1089
53 876
54 1027
55 1070
56 992
57 1087
58 1131
59 1095
60 1100
61 1061
62 900
63 947
64 972
65 997
66 908
67 1065
68 1048
69 1000
70 996
71 970
72 995
73 1032
74 825
75 823
76 962
77 880
78 873
79 935
80 939
81 949
82 979
83 981
84 845
85 939
86 890
87 868
88 839
89 887
90 879
91 945
92 890
93 906
94 895
95 862
96 892
97 798
98 900
99 891
100 914
101 887
102 835
103 877
104 865
105 889
106 907
107 889
108 845
109 933
110 838
111 856
112 853
113 930
114 935
115 999
116 1001
117 1088
118 1085
119 1019
120 1051
121 996
122 1005
123 1066
124 1035
125 1033
126 1007
127 1023
128 1076
129 947
130 984
131 1024
132 1035
133 1026
134 1078
135 1061
136 1019
137 1036
138 1072
139 1061
140 1010
141 1081
142 1056
143 1012
144 1065
145 1036
146 1089
147 1048
148 986
149 1002
150 904
151 1060
152 1030
153 988
154 1013
155 992
156 1031
157 1056
158 1063
159 1098
160 993
161 966
162 1002
163 984
164 1089
165 1057
166 1030
167 1023
168 985
169 989
170 1066
171 1039
172 1048
173 920
174 1091
175 1117
176 1080
177 1011
178 1041
179 1014
180 1017
181 1061
182 914
183 902
184 893
185 983
186 904
187 908
188 921
189 921
190 875
191 969
192 974
193 835
194 835
195 1010
196 944
197 962
198 1014
199 961
200 987
201 1000
202 986
203 915
204 973
205 982
206 1014
207 1015
208 925
209 948
210 879
211 976
212 912
213 946
214 930
215 939
216 930
217 902
218 950
219 982
220 1089
221 883
222 983
223 934
224 974
225 985
226 1033
227 988
228 989
229 1006
230 912
231 920
232 961
233 1003
234 974
235 1014
236 978
237 958
238 930
239 969
240 916
241 994
242 960
243 1022
244 921
245 975
246 1032
247 962
248 983
249 927
250 889
251 934
252 969
253 928
254 956
255 965
256 936
257 1023
258 961
259 892
260 923
261 989
262 989
263 988
264 992
265 950
266 880
267 966
268 881
269 944
270 930
271 960
272 972
273 1013
274 968
275 890
276 976
277 864
278 974
279 957
280 1011
281 970
282 930
283 913
284 939
285 969
286 967
287 880
288 900
289 905
290 925
291 1022
292 957
293 991
294 1015
295 946
296 1028
297 1014
298 937
299 959
300 965
301 946
302 953
303 966
304 999
305 983
306 913
307 957
308 920
309 958
310 1024
311 953
312 952
313 950
314 970
315 980
316 969
317 991
318 1010
319 1043
320 974
321 945
322 960
323 1011
324 869
325 1002
326 886
327 903
328 943
329 880
330 948
331 1028
332 963
333 1025
334 1011
335 1027
336 963
337 980
338 985
339 1005
340 1009
341 963
342 925
343 1020
344 948
345 873
346 952
347 955
348 997
349 1030
350 958
351 930
352 1003
353 909
354 919
355 870
356 872
357 936
358 875
359 940
360 905
361 853
362 899
363 905
364 921
365 858
366 908
367 942
368 1032
369 1021
370 986
371 960
372 963
373 1012
374 949
375 870
376 910
377 1017
378 971
379 919
380 992
381 963
382 951
383 890
384 1001
385 960
386 987
387 963
388 890
389 920
390 925
391 928
392 959
393 985
394 944
395 949
396 971
397 898
398 903
399 944
400 958
401 985
402 921
403 910
404 1050
405 885
406 958
407 965
408 953
409 983
410 964
411 997
412 925
413 996
414 928
415 914
416 985
417 950
418 1039
419 985
420 991
421 959
422 938
423 981
424 916
425 944
426 1003
427 947
428 943
429 895
430 963
431 973
432 897
433 964
434 960
435 945
436 892
437 1030
438 902
439 841
440 941
441 868
442 903
443 893
444 978
445 973
446 913
447 925
448 916
449 929
450 986
451 903
452 945
453 944
454 915
455 888
456 903
457 896
458 927
459 930
460 945
461 918
462 928
463 892
464 867
465 919
466 866
467 860
468 905
469 892
470 1014
471 945
472 963
473 944
474 894
475 912
476 913
477 899
478 884
479 876
480 862
481 872
482 793
483 906
484 945
485 854
486 922
487 910
488 929
489 947
490 925
491 929
492 906
493 933
494 877
495 870
496 842
497 911
498 891
499 930
500 926
501 967
502 973
503 976
504 978
505 939
506 1026
507 843
508 879
509 901
510 946
511 942
512 916
513 879
514 824
515 874
516 953
517 935
518 936
519 924
520 895
521 975
522 916
523 969
524 958
525 884
526 938
527 953
528 919
529 871
530 906
531 840
532 916
533 1001
534 995
535 959
536 867
537 918
538 922
539 925
540 935
541 936
542 939
543 823
544 933
545 875
546 910
547 908
548 912
549 948
550 937
551 923
552 924
553 936
554 925
555 905
556 849
557 931
558 877
559 884
560 889
561 914
562 945
563 915
564 933
565 867
566 970
567 930
568 836
569 935
570 899
571 917
572 921
573 908
574 944
575 995
576 885
577 866
578 915
579 900
580 956
581 922
582 940
583 962
584 936
585 952
586 949
587 963
588 995
589 899
590 982
591 936
592 932
593 931
594 933
595 943
596 889
597 940
598 943
599 920
600 959
601 816
602 904
603 893
604 870
605 974
606 948
607 919
608 924
609 905
610 934
611 916
612 915
613 1019
614 859
615 889
616 908
617 971
618 881
619 979
620 901
621 940
622 934
623 893
624 955
625 780
626 995
627 891
628 935
629 869
630 902
631 917
632 913
633 914
634 946
635 918
636 920
637 927
638 911
639 907
640 957
641 914
642 927
643 873
644 942
645 948
646 979
647 884
648 954
649 913
650 937
651 926
652 934
653 917
654 1032
655 853
656 947
657 925
658 919
659 889
660 956
661 888
662 889
663 858
664 930
665 906
666 930
667 949
668 909
669 868
670 861
671 830
672 858
673 853
674 860
675 877
676 943
677 895
678 914
679 900
680 907
681 927
682 917
683 946
684 935
685 885
686 949
687 911
688 842
689 952
690 929
691 1009
692 885
693 890
694 896
695 845
696 872
697 908
698 956
699 938
700 968
701 971
702 948
703 899
704 936
705 1026
706 940
707 926
708 876
709 853
710 901
711 858
712 896
713 881
714 934
715 1026
716 1030
717 999
718 1002
719 1041
720 981
721 1085
722 1001
723 911
724 974
725 1006
726 1067
727 1026
728 974
729 850
730 1006
731 952
732 1040
733 931
734 1034
735 1023
736 1063
737 1013
738 1015
739 988
740 1076
741 969
742 975
743 1021
744 1044
745 1092
746 1050
747 1002
748 997
749 1000
750 1016
751 1000
752 957
753 1047
754 1018
755 1050
756 970
757 979
758 998
759 1019
760 1048
761 1033
762 905
763 1082
764 992
765 997
766 981
767 1011
768 1051
769 1061
770 979
771 1025
772 982
773 999
774 1009
775 1017
776 1032
777 939
778 1016
779 1004
780 1053
781 1031
782 845
783 906
784 950
785 882
786 847
787 861
788 822
789 864
790 923
791 875
792 947
793 916
794 896
795 977
796 908
797 923
798 936
799 910
800 933
