1 1005
2 1139
3 1015
4 1101
5 1003
6 1138
7 1064
8 1061
9 1092
10 1066
11 1140
12 1063
13 1050
14 1029
15 1063
16 1044
17 1215
18 1147
19 1204
20 1266
21 1156
22 1231
23 1162
24 1179
25 1110
26 1176
27 1219
28 1147
29 1197
30 1118
31 1181
32 1188
33 1229
34 1201
35 1237
36 1248
37 1192
38 1216
39 1236
40 1281
41 1227
42 1282
43 1234
44 1182
45 1210
46 1227
47 1134
48 1191
49 1112
50 1148
51 1232
52 1288
53 1225
54 1225
55 1173
56 1185
57 1192
58 1176
59 1208
60 1180
61 1147
62 1215
63 1118
64 1040
65 1128
66 1083
67 1077
68 1096
69 1140
70 1071
71 1140
72 1077
73 1086
74 1081
75 1058
76 1123
77 1147
78 1054
79 1073
80 1080
81 1147
82 1059
83 1079
84 1076
85 1103
86 1029
87 1118
88 1096
89 1119
90 1137
91 1085
92 1111
93 1083
94 1050
95 1032
96 1091
97 1125
98 1086
99 1069
100 1071
101 1122
102 1154
103 1092
104 1111
105 1146
106 1047
107 1121
108 1126
109 1139
110 1212
111 1188
112 1233
113 1253
114 1212
115 1248
116 1161
117 1224
118 1204
119 1162
120 1247
121 1195
122 1176
123 1103
124 1199
125 1260
126 1321
127 1211
128 1121
129 1227
130 1204
131 1218
132 1171
133 1213
134 1196
135 1279
136 1160
137 1169
138 1283
139 1282
140 1226
141 1263
142 1073
143 1184
144 1171
145 1216
146 1153
147 1215
148 1196
149 1200
150 1175
151 1265
152 1216
153 1264
154 1242
155 1211
156 1207
157 1192
158 1204
159 1127
160 1208
161 1206
162 1210
163 1229
164 1243
165 1298
166 1206
167 1195
168 1231
169 1191
170 1238
171 1068
172 1119
173 1154
174 1184
175 1120
176 1112
177 1104
178 1101
179 1182
180 1130
181 1092
182 1162
183 1094
184 1108
185 1130
186 1096
187 1078
188 1134
189 1052
190 1062
191 1106
192 1116
193 1096
194 1101
195 1069
196 1093
197 1109
198 1088
199 1075
200 1046
201 1096
202 1150
203 1099
204 1154
205 1096
206 1088
207 1082
208 1006
209 1113
210 1055
211 1054
212 1169
213 1117
214 1171
215 1108
216 1096
217 1016
218 1129
219 1173
220 1106
221 1090
222 1137
223 1127
224 1081
225 1048
226 1113
227 1069
228 1107
229 1043
230 1117
231 1087
232 1098
233 1165
234 1127
235 1066
236 1132
237 1037
238 1108
239 1076
240 1129
241 1070
242 1114
243 1154
244 1053
245 1127
246 1040
247 1182
248 1088
249 1053
250 1079
251 1081
252 1125
253 1048
254 1060
255 1125
256 1089
257 1070
258 1066
259 1098
260 996
261 1136
262 1033
263 1158
264 1099
265 1099
266 1087
267 1077
268 1071
269 1094
270 1058
271 1115
272 1113
273 1030
274 1119
275 1123
276 1075
277 1014
278 1100
279 1070
280 1067
281 1141
282 1113
283 1036
284 1114
285 1168
286 1080
287 1092
288 1119
289 1102
290 1078
291 1015
292 935
293 786
294 687
295 662
296 678
297 585
298 557
299 503
300 459
301 381
302 389
303 381
304 375
305 319
306 362
307 383
308 345
309 321
310 334
311 297
312 317
313 285
314 341
315 252
316 298
317 325
318 305
319 308
320 248
321 256
322 312
323 240
324 289
325 270
326 255
327 292
328 271
329 308
330 294
331 349
332 299
333 339
334 304
335 317
336 250
337 252
338 285
339 262
340 260
341 289
342 247
343 250
344 309
345 259
346 253
347 297
348 302
349 281
350 256
351 315
352 253
353 280
354 248
355 301
356 308
357 260
358 321
359 346
360 256
361 253
362 366
363 314
364 248
365 273
366 225
367 262
368 297
369 344
370 258
371 260
372 334
373 274
374 245
375 298
376 276
377 261
378 228
379 244
380 254
381 290
382 268
383 395
384 303
385 353
386 326
387 310
388 341
389 190
390 291
391 324
392 279
393 319
394 356
395 309
396 287
397 264
398 251
399 295
400 318
401 339
402 316
403 307
404 286
405 269
406 259
407 293
408 241
409 306
410 306
411 357
412 295
413 290
414 313
415 330
416 283
417 283
418 299
419 288
420 316
421 409
422 406
423 350
424 421
425 424
426 391
427 416
428 450
429 476
430 490
431 590
432 604
433 667
434 781
435 783
436 902
437 907
438 1008
439 983
440 1010
441 1085
442 1032
443 1075
444 1088
445 1099
446 1053
447 1040
448 1023
449 1099
450 1122
451 1053
452 1075
453 1050
454 1067
455 1066
456 1070
457 1050
458 1048
459 1140
460 1149
461 1076
462 1042
463 1046
464 970
465 974
466 1021
467 947
468 1106
469 1079
470 1097
471 1148
472 1065
473 1058
474 1080
475 1128
476 1091
477 1159
478 1117
479 1215
480 1308
481 1094
482 1244
483 1284
484 1201
485 1242
486 1200
487 1267
488 1166
489 1115
490 1126
491 1200
492 1156
493 1277
494 1214
495 1194
496 1274
497 1215
498 1238
499 1268
500 1212
501 1166
502 1191
503 1254
504 1211
505 1212
506 1227
507 1191
508 1206
509 1247
510 1236
511 1291
512 1167
513 1172
514 1191
515 1214
516 1259
517 1220
518 1228
519 1226
520 1255
521 1231
522 1233
523 1257
524 1195
525 1184
526 1224
527 1171
528 1164
529 1224
530 1225
531 1335
532 1231
533 1214
534 1245
535 1236
536 1187
537 1145
538 1163
539 1213
540 1279
541 1227
542 1168
543 1262
544 1142
545 1207
546 1193
547 1017
548 1030
549 1110
550 1100
551 1118
552 1056
553 1059
554 1051
555 1089
556 1031
557 1101
558 1115
559 1064
560 1178
561 1099
562 1089
563 1083
564 1116
565 1059
566 1075
567 1052
568 1078
569 1106
570 1056
571 1093
572 1196
573 1088
574 1115
575 1049
576 1060
577 1022
578 1051
579 1102
580 1101
581 1180
582 1096
583 1144
584 1181
585 1071
586 1132
587 1186
588 1089
589 1035
590 1101
591 1061
592 1126
593 1165
594 1128
595 1176
596 991
597 1032
598 1054
599 1083
600 1096
601 1120
602 1118
603 1145
604 1034
605 1086
606 969
607 1141
608 1013
609 1034
610 1116
611 1095
612 1065
613 1082
614 1105
615 1085
616 1024
617 1124
618 1033
619 1069
620 1083
621 1143
622 1125
623 1083
624 1159
625 1093
626 1004
627 1044
628 1119
629 1090
630 1137
631 1105
632 1075
633 1087
634 1073
635 1075
636 1038
637 1114
638 1008
639 1072
640 1061
641 1161
642 1091
643 1066
644 1064
645 1143
646 1052
647 1106
648 1021
649 1044
650 1078
651 1119
652 1117
653 1071
654 1063
655 1136
656 1077
657 1154
658 1085
659 1117
660 1129
661 1216
662 1086
663 1076
664 1079
665 1139
666 1134
667 1148
668 994
669 1126
670 1039
671 1131
672 1157
673 1088
674 1068
675 1115
676 1092
677 1056
678 1094
679 1139
680 1179
681 1114
682 1074
683 1101
684 1022
685 1163
686 1077
687 1104
688 1110
689 1089
690 1116
691 1103
692 1112
693 1053
694 1095
695 1094
696 1080
697 1150
698 1041
699 1073
700 996
701 1080
702 1047
703 1094
704 1109
705 1002
706 1114
707 1078
708 1090
709 1141
710 1024
711 1071
712 1086
713 1148
714 1162
715 1039
716 1123
717 1146
718 1069
719 1014
720 1019
721 1075
722 1079
723 1074
724 1158
725 1163
726 1071
727 1108
728 1038
729 1125
730 1065
731 1096
732 1048
733 1149
734 1087
735 1052
736 1076
737 1150
738 1093
739 1104
740 1070
741 1093
742 1145
743 1097
744 1089
745 1072
746 1090
747 1123
748 1094
749 1095
750 1092
751 1080
752 1148
753 1083
754 1099
755 1110
756 1073
757 1110
758 1067
759 1136
760 1031
761 1086
762 1083
763 1136
764 1159
765 1139
766 1051
767 1133
768 1076
769 1097
770 1148
771 1100
772 1113
773 1086
774 1077
775 1082
776 1073
777 1025
778 1106
779 1098
780 1116
781 1082
782 1075
783 1056
784 1099
785 1083
786 1110
787 1103
788 1107
789 1137
790 1156
791 1114
792 1067
793 1092
794 1150
795 1090
796 1139
797 1106
798 1087
799 1079
800 1106
