0.04112672805786133
0.08243608474731445
0.12378883361816406
0.16515493392944336
0.20658230781555176
0.24804329872131348
0.28948450088500977
0.33114123344421387
0.3725926876068115
0.41405272483825684
0.4552929401397705
0.4965634346008301
0.5379934310913086
0.5793485641479492
0.6207160949707031
0.6620557308197021
0.7033770084381104
0.7449171543121338
0.7867965698242188
0.8284921646118164
0.8699970245361328
0.9116289615631104
0.9530847072601318
0.9944589138031006
1.0358262062072754
1.0771994590759277
1.1185853481292725
1.1600720882415771
1.2015745639801025
1.2428967952728271
1.2843513488769531
1.3257403373718262
1.367152214050293
1.4085204601287842
1.449838638305664
1.4912548065185547
1.5326354503631592
1.5739855766296387
1.6154563426971436
1.6567773818969727
1.69804048538208
1.7394177913665771
1.7807891368865967
1.8221712112426758
1.8636386394500732
1.9074122905731201
1.9488611221313477
1.9903817176818848
2.0318853855133057
2.073288679122925
2.114816665649414
2.156254768371582
2.1978092193603516
2.239421844482422
2.281343460083008
2.323460578918457
2.365248203277588
2.4066286087036133
2.4480719566345215
2.489508867263794
2.53104829788208
2.57293701171875
2.6144495010375977
2.656020164489746
2.697570323944092
2.7390708923339844
2.780541181564331
2.822054862976074
2.8635573387145996
2.9049997329711914
2.946483612060547
2.9879419803619385
3.029456853866577
3.0712435245513916
3.113138437271118
3.154731512069702
3.196254014968872
3.2377283573150635
3.279181480407715
3.320556879043579
3.362225294113159
3.4037299156188965
3.445190668106079
3.486665964126587
3.5283071994781494
3.569551467895508
3.6108715534210205
3.6522469520568848
3.6935994625091553
3.734856128692627
3.7762913703918457
3.81764554977417
3.8591997623443604
3.9008302688598633
3.942467451095581
3.9839212894439697
4.025367259979248
4.066804647445679
4.10811710357666
4.14939022064209
4.1906609535217285
4.231965780258179
4.273352384567261
4.314939975738525
4.356372117996216
4.39762020111084
4.438940763473511
4.480270862579346
4.521527290344238
4.562870979309082
4.604204177856445
4.645517349243164
4.6871936321258545
4.7288734912872314
4.770565509796143
4.811897039413452
4.853174686431885
4.8945090770721436
4.935809373855591
4.97730278968811
5.018733978271484
5.06010103225708
5.101414442062378
5.142676830291748
5.1841113567352295
5.225489854812622
5.266788005828857
5.308223009109497
5.349892854690552
5.391291856765747
5.432901620864868
5.474618673324585
5.517411470413208
5.559750080108643
5.6015002727508545
5.643046140670776
5.684511423110962
5.726079225540161
5.767604112625122
5.809078693389893
5.850571393966675
5.892144680023193
5.933620452880859
5.97511887550354
6.016584396362305
6.058080673217773
6.099638938903809
6.141406059265137
6.183011531829834
6.224499464035034
6.265955686569214
6.307839870452881
6.3497679233551025
6.391488313674927
6.432927370071411
6.474511623382568
6.516199588775635
6.557758569717407
6.599262237548828
6.640870571136475
6.682363033294678
6.724028825759888
6.765514373779297
6.806964874267578
6.848627805709839
6.89028263092041
6.932004690170288
6.973719358444214
7.0153138637542725
7.0568647384643555
7.098636627197266
7.141082525253296
7.183447599411011
7.224985122680664
7.266607761383057
7.308271884918213
7.34975790977478
7.391269683837891
7.432943105697632
7.474430561065674
7.516147613525391
7.5579307079315186
7.599379301071167
7.640658855438232
7.681944131851196
7.72331428527832
7.764898777008057
7.806384086608887
7.847648620605469
7.889002561569214
7.930525541305542
7.972269296646118
8.013652563095093
8.055045366287231
8.09648084640503
8.137824773788452
8.179171323776245
8.220718145370483
8.262190103530884
8.303756713867188
8.345316648483276
8.394787788391113
8.436216831207275
8.477699995040894
8.519144535064697
8.560549259185791
8.601974248886108
8.643420934677124
8.684841871261597
8.726730823516846
8.76863694190979
8.810304403305054
8.851794481277466
8.893288612365723
8.934820413589478
8.976294994354248
9.017751693725586
9.059478759765625
9.101005554199219
9.142515659332275
9.183948993682861
9.22543978691101
9.266922235488892
9.30841588973999
9.349972248077393
9.391430854797363
9.43285870552063
9.474470615386963
9.516085624694824
9.557748794555664
9.599263191223145
9.641927003860474
9.68337082862854
9.724984169006348
9.766539573669434
9.808056354522705
9.849490642547607
9.891117095947266
9.93287992477417
9.974453449249268
10.015682935714722
10.057019233703613
10.098252296447754
10.139586925506592
10.180988073348999
10.229465246200562
10.270927667617798
10.312462568283081
10.354111909866333
10.395991802215576
10.43750548362732
10.478906393051147
10.520304203033447
10.561730146408081
10.603579759597778
10.645002603530884
10.68708086013794
10.728760480880737
10.77029037475586
10.81220006942749
10.853923797607422
10.89622712135315
10.93793511390686
10.979515075683594
11.020905494689941
11.062317371368408
11.103664875030518
11.145782232284546
11.18801212310791
11.229668378829956
11.271278381347656
11.312657833099365
11.35435962677002
11.395663738250732
11.437067747116089
11.47826337814331
11.519520282745361
11.5609290599823
11.602412223815918
11.643708944320679
11.685295343399048
11.72655177116394
11.76833176612854
11.80964469909668
11.850985527038574
11.89260745048523
11.93414831161499
11.975800275802612
12.017661571502686
12.059918403625488
12.10185718536377
12.143478393554688
12.1849365234375
12.22653579711914
12.268011331558228
12.309452056884766
12.350717544555664
12.3921217918396
12.43339467048645
12.474835395812988
12.516154766082764
12.55770993232727
12.599140644073486
12.640668153762817
12.681978702545166
12.723329544067383
12.764809608459473
12.806389093399048
12.847951412200928
12.890030860900879
12.932751178741455
12.974841356277466
13.016716241836548
13.058733224868774
13.101536512374878
13.145628213882446
13.188643455505371
13.231147766113281
13.272942304611206
13.315556287765503
13.357863664627075
13.400206565856934
13.442309617996216